<?xml version="1.0" encoding="UTF-8"?>
<!DOCTYPE svg PUBLIC "-//W3C//DTD SVG 1.1//EN" "http://www.w3.org/Graphics/SVG/1.1/DTD/svg11.dtd">
<!-- Creator: CorelDRAW -->
<svg xmlns="http://www.w3.org/2000/svg" xml:space="preserve" width="21.6457mm" height="5.3321mm" version="1.1" style="shape-rendering:geometricPrecision; text-rendering:geometricPrecision; image-rendering:optimizeQuality; fill-rule:evenodd; clip-rule:evenodd"
viewBox="0 0 242.3 59.69"
 xmlns:xlink="http://www.w3.org/1999/xlink"
 xmlns:xodm="http://www.corel.com/coreldraw/odm/2003">
 <defs>
  <style type="text/css">
   <![CDATA[
    .fil1 {fill:white}
    .fil0 {fill:white;fill-rule:nonzero}
   ]]>
  </style>
 </defs>
 <g id="Camada_x0020_1">
  <metadata id="CorelCorpID_0Corel-Layer"/>
  <g id="_1326093520672">
   <path class="fil0" d="M74.27 29.84c0,-6.16 4.99,-11.14 11.14,-11.14 6.16,0 11.15,4.99 11.15,11.14 0,6.16 -4.99,11.14 -11.15,11.14 -6.15,0 -11.14,-4.99 -11.14,-11.14z"/>
   <path class="fil1" d="M15.08 19.45c0.23,0.09 0.45,0.17 0.67,0.27 -0.22,-0.1 -0.44,-0.19 -0.67,-0.27z"/>
   <path class="fil1" d="M16.99 20.39c0.14,0.09 0.31,0.17 0.45,0.27 -0.14,-0.1 -0.31,-0.18 -0.45,-0.27z"/>
   <path class="fil1" d="M13.17 18.91c0.21,0.04 0.42,0.09 0.63,0.14 -0.21,-0.05 -0.42,-0.1 -0.63,-0.14z"/>
   <path class="fil1" d="M13.8 40.63c-0.21,0.05 -0.42,0.1 -0.63,0.15 0.21,-0.04 0.42,-0.09 0.63,-0.15z"/>
   <path class="fil1" d="M17.45 39.02c-0.14,0.1 -0.31,0.18 -0.45,0.27 0.14,-0.09 0.31,-0.17 0.45,-0.27z"/>
   <path class="fil1" d="M19.21 37.5l-1.75 1.51c0.64,-0.44 1.22,-0.95 1.75,-1.51z"/>
   <path class="fil1" d="M15.75 39.97c-0.22,0.1 -0.44,0.18 -0.67,0.27 0.23,-0.09 0.45,-0.17 0.67,-0.27z"/>
   <path class="fil1" d="M20 23.14c-0.72,-0.95 -1.56,-1.8 -2.53,-2.47l1.76 1.54c0.28,0.29 0.52,0.61 0.77,0.93z"/>
   <path class="fil1" d="M19.83 36.76c0.17,-0.21 0.35,-0.4 0.5,-0.62 -0.15,0.22 -0.33,0.41 -0.5,0.62z"/>
   <path class="fil1" d="M46.23 40.78c-0.22,-0.04 -0.42,-0.09 -0.63,-0.15 0.21,0.05 0.41,0.1 0.63,0.15z"/>
   <path class="fil1" d="M40.19 22.18l1.75 -1.51c-0.64,0.44 -1.22,0.95 -1.75,1.51z"/>
   <path class="fil1" d="M39.57 22.92c-0.16,0.21 -0.35,0.39 -0.5,0.61 0,0 0,0 0,-0 0.15,-0.22 0.33,-0.4 0.5,-0.61z"/>
   <path class="fil1" d="M44.32 40.24c-0.23,-0.09 -0.46,-0.17 -0.67,-0.27 0.21,0.1 0.44,0.18 0.67,0.27z"/>
   <path class="fil1" d="M43.65 19.72c0.21,-0.1 0.44,-0.19 0.67,-0.27 -0.23,0.09 -0.46,0.17 -0.67,0.27z"/>
   <path class="fil1" d="M45.6 19.05c0.21,-0.05 0.41,-0.1 0.63,-0.14 -0.22,0.04 -0.42,0.09 -0.63,0.14z"/>
   <path class="fil1" d="M39.4 36.55c0.72,0.95 1.56,1.8 2.54,2.47l-1.77 -1.54c-0.28,-0.29 -0.51,-0.61 -0.76,-0.93z"/>
   <path class="fil1" d="M41.95 20.66c0.14,-0.1 0.3,-0.18 0.46,-0.27 -0.16,0.09 -0.32,0.17 -0.46,0.27z"/>
   <path class="fil1" d="M42.41 39.29c-0.16,-0.09 -0.32,-0.17 -0.46,-0.27 0.14,0.1 0.3,0.18 0.46,0.27z"/>
   <path class="fil1" d="M11.15 40.99c0.7,0 1.36,-0.08 2.02,-0.21 0.21,-0.04 0.42,-0.09 0.63,-0.15 0.43,-0.11 0.86,-0.24 1.28,-0.4 0.23,-0.09 0.45,-0.17 0.67,-0.27 0.43,-0.2 0.84,-0.43 1.25,-0.67 0.14,-0.09 0.31,-0.17 0.45,-0.27l0.02 -0.01 1.75 -1.51 0 -0c0.22,-0.23 0.4,-0.49 0.61,-0.74 0.17,-0.21 0.35,-0.39 0.5,-0.62 4.99,-5.28 13.84,-5.26 18.8,0.06 0.08,0.12 0.19,0.22 0.28,0.34 0.25,0.32 0.48,0.64 0.76,0.93l1.77 1.54 0.01 0.01c0.14,0.1 0.3,0.18 0.46,0.27 0.39,0.25 0.81,0.48 1.24,0.67 0.21,0.1 0.44,0.18 0.67,0.27 0.41,0.15 0.84,0.29 1.28,0.4 0.21,0.05 0.41,0.1 0.63,0.15 0.66,0.12 1.33,0.21 2.02,0.21 6.15,0 11.15,-4.99 11.15,-11.14 0,-6.16 -5,-11.14 -11.15,-11.14 -0.69,0 -1.36,0.08 -2.02,0.21 -0.22,0.04 -0.42,0.09 -0.63,0.14 -0.44,0.12 -0.87,0.25 -1.28,0.4 -0.23,0.09 -0.46,0.17 -0.67,0.27 -0.44,0.19 -0.85,0.42 -1.24,0.67 -0.16,0.09 -0.32,0.17 -0.46,0.27l-0.01 0.01 -1.75 1.51 -0.01 0.01c-0.21,0.23 -0.41,0.49 -0.61,0.74 -0.16,0.21 -0.35,0.39 -0.5,0.61 0,0 -0,0 -0,0 -4.98,5.28 -13.83,5.26 -18.8,-0.06 -0.08,-0.12 -0.19,-0.22 -0.28,-0.34 -0.25,-0.32 -0.49,-0.64 -0.77,-0.93l-1.76 -1.54 -0.02 -0.01c-0.14,-0.1 -0.31,-0.18 -0.45,-0.27 -0.4,-0.25 -0.82,-0.48 -1.25,-0.67 -0.22,-0.1 -0.44,-0.19 -0.67,-0.27 -0.42,-0.15 -0.85,-0.28 -1.28,-0.4 -0.21,-0.05 -0.42,-0.1 -0.63,-0.14 -0.66,-0.12 -1.33,-0.21 -2.02,-0.21 -6.16,0 -11.15,4.99 -11.15,11.14 0,6.16 4.99,11.14 11.15,11.14z"/>
   <path class="fil1" d="M52.24 19.45c0.23,0.09 0.45,0.17 0.67,0.27 -0.22,-0.1 -0.44,-0.19 -0.67,-0.27z"/>
   <path class="fil1" d="M54.15 20.39c0.15,0.09 0.31,0.17 0.46,0.27 -0.15,-0.1 -0.31,-0.18 -0.46,-0.27z"/>
   <path class="fil1" d="M50.33 18.91c0.21,0.04 0.42,0.09 0.63,0.14 -0.21,-0.05 -0.42,-0.1 -0.63,-0.14z"/>
   <path class="fil1" d="M50.96 40.63c-0.21,0.05 -0.42,0.1 -0.63,0.15 0.21,-0.04 0.42,-0.09 0.63,-0.15z"/>
   <path class="fil1" d="M54.61 39.02c-0.15,0.1 -0.31,0.18 -0.46,0.27 0.15,-0.09 0.31,-0.17 0.46,-0.27z"/>
   <path class="fil1" d="M56.37 37.5l-1.75 1.51c0.64,-0.44 1.22,-0.95 1.75,-1.51z"/>
   <path class="fil1" d="M52.91 39.97c-0.22,0.1 -0.44,0.18 -0.67,0.27 0.23,-0.09 0.45,-0.17 0.67,-0.27z"/>
   <path class="fil1" d="M57.16 23.14c-0.72,-0.95 -1.56,-1.8 -2.54,-2.47l1.77 1.54c0.28,0.29 0.52,0.61 0.77,0.93z"/>
   <path class="fil1" d="M56.99 36.76c0.16,-0.21 0.35,-0.4 0.5,-0.62 -0.15,0.22 -0.34,0.41 -0.5,0.62z"/>
   <path class="fil1" d="M83.39 40.78c-0.21,-0.04 -0.43,-0.09 -0.63,-0.15 0.21,0.05 0.42,0.1 0.63,0.15z"/>
   <path class="fil1" d="M77.35 22.18l1.75 -1.51c-0.64,0.44 -1.22,0.95 -1.75,1.51z"/>
   <path class="fil1" d="M76.73 22.92c-0.16,0.21 -0.35,0.39 -0.5,0.61 0,0 0.01,0 0.01,-0 0.15,-0.22 0.33,-0.4 0.5,-0.61z"/>
   <path class="fil1" d="M81.48 40.24c-0.22,-0.09 -0.45,-0.17 -0.66,-0.27 0.21,0.1 0.44,0.18 0.66,0.27z"/>
   <path class="fil1" d="M80.82 19.72c0.21,-0.1 0.44,-0.19 0.66,-0.27 -0.22,0.09 -0.45,0.17 -0.66,0.27z"/>
   <path class="fil1" d="M82.76 19.05c0.2,-0.05 0.42,-0.1 0.63,-0.14 -0.21,0.04 -0.42,0.09 -0.63,0.14z"/>
   <path class="fil1" d="M76.57 36.55c0.72,0.95 1.56,1.8 2.54,2.47l-1.77 -1.54c-0.27,-0.29 -0.52,-0.61 -0.76,-0.93z"/>
   <path class="fil1" d="M79.11 20.66c0.14,-0.1 0.3,-0.18 0.46,-0.27 -0.16,0.09 -0.32,0.17 -0.46,0.27z"/>
   <path class="fil1" d="M79.57 39.29c-0.16,-0.09 -0.32,-0.17 -0.46,-0.27 0.14,0.1 0.3,0.18 0.46,0.27z"/>
   <path class="fil1" d="M34.16 38.14c0.23,0.09 0.45,0.17 0.67,0.27 -0.22,-0.1 -0.44,-0.19 -0.67,-0.27z"/>
   <path class="fil1" d="M36.06 39.09c0.15,0.09 0.31,0.16 0.46,0.27 -0.14,-0.1 -0.3,-0.17 -0.46,-0.27z"/>
   <path class="fil1" d="M32.24 37.61c0.21,0.04 0.42,0.09 0.63,0.14 -0.21,-0.05 -0.42,-0.1 -0.63,-0.14z"/>
   <path class="fil1" d="M32.88 59.34c-0.21,0.05 -0.42,0.1 -0.63,0.14 0.21,-0.04 0.42,-0.09 0.63,-0.14z"/>
   <path class="fil1" d="M36.52 57.72c-0.14,0.11 -0.3,0.18 -0.46,0.27 0.15,-0.09 0.31,-0.16 0.46,-0.27z"/>
   <path class="fil1" d="M38.29 56.2l-1.76 1.51c0.65,-0.44 1.22,-0.95 1.76,-1.51z"/>
   <path class="fil1" d="M34.83 58.67c-0.22,0.1 -0.44,0.18 -0.67,0.27 0.23,-0.09 0.45,-0.17 0.67,-0.27z"/>
   <path class="fil1" d="M39.07 41.84c-0.72,-0.95 -1.55,-1.8 -2.54,-2.47l1.78 1.54c0.28,0.29 0.52,0.61 0.76,0.93z"/>
   <path class="fil1" d="M38.9 55.46c0.17,-0.21 0.35,-0.4 0.5,-0.61 -0.15,0.22 -0.33,0.41 -0.5,0.61z"/>
   <path class="fil1" d="M65.31 59.48c-0.22,-0.04 -0.42,-0.09 -0.63,-0.14 0.21,0.05 0.42,0.1 0.63,0.14z"/>
   <path class="fil1" d="M59.26 40.88l1.75 -1.51c-0.63,0.44 -1.21,0.95 -1.75,1.51z"/>
   <path class="fil1" d="M58.65 41.62c-0.17,0.21 -0.35,0.39 -0.5,0.61 0,0 0,0 0,-0 0.15,-0.22 0.33,-0.4 0.5,-0.61z"/>
   <path class="fil1" d="M63.4 58.94c-0.23,-0.09 -0.46,-0.17 -0.67,-0.27 0.22,0.1 0.44,0.18 0.67,0.27z"/>
   <path class="fil1" d="M62.72 38.42c0.22,-0.1 0.44,-0.19 0.67,-0.27 -0.23,0.09 -0.46,0.17 -0.67,0.27z"/>
   <path class="fil1" d="M64.67 37.75c0.21,-0.05 0.42,-0.1 0.63,-0.14 -0.22,0.04 -0.42,0.09 -0.63,0.14z"/>
   <path class="fil1" d="M58.48 55.25c0.72,0.95 1.56,1.8 2.53,2.47l-1.77 -1.54c-0.27,-0.29 -0.52,-0.61 -0.76,-0.93z"/>
   <path class="fil1" d="M61.03 39.35c0.14,-0.1 0.31,-0.17 0.46,-0.27 -0.15,0.09 -0.31,0.16 -0.46,0.27z"/>
   <path class="fil1" d="M61.48 57.99c-0.15,-0.09 -0.31,-0.16 -0.46,-0.27 0.14,0.11 0.31,0.18 0.46,0.27z"/>
   <path class="fil1" d="M30.22 59.69c0.71,0 1.37,-0.08 2.03,-0.21 0.21,-0.04 0.42,-0.09 0.63,-0.14 0.44,-0.12 0.86,-0.25 1.28,-0.4 0.23,-0.09 0.45,-0.17 0.67,-0.27 0.43,-0.2 0.84,-0.43 1.23,-0.68 0.15,-0.09 0.31,-0.16 0.46,-0.27l0.01 0 0 -0.01 1.76 -1.51 0 -0c0.22,-0.23 0.41,-0.49 0.61,-0.74 0.17,-0.21 0.35,-0.39 0.5,-0.61 4.99,-5.28 13.83,-5.27 18.79,0.06 0.09,0.13 0.2,0.23 0.29,0.34 0.24,0.32 0.49,0.64 0.76,0.93l1.77 1.54 0.01 0.01 0 0c0.14,0.11 0.31,0.18 0.46,0.27 0.4,0.25 0.81,0.48 1.24,0.68 0.22,0.1 0.44,0.18 0.67,0.27 0.41,0.15 0.84,0.28 1.27,0.4 0.21,0.05 0.42,0.1 0.63,0.14 0.66,0.13 1.33,0.21 2.02,0.21 6.16,0 11.15,-4.99 11.15,-11.14 0,-6.16 -4.99,-11.14 -11.15,-11.14 -0.69,0 -1.36,0.08 -2.02,0.21 -0.22,0.04 -0.42,0.09 -0.63,0.14 -0.44,0.12 -0.86,0.24 -1.27,0.4 -0.23,0.09 -0.46,0.17 -0.67,0.27 -0.43,0.19 -0.84,0.42 -1.24,0.67 -0.15,0.09 -0.31,0.16 -0.46,0.27l-0 0 -0.01 0.02 -1.75 1.51 0 0.01c-0.22,0.23 -0.41,0.49 -0.61,0.74 -0.17,0.21 -0.35,0.39 -0.5,0.61 0,0 0,0 0,0 -4.99,5.28 -13.84,5.26 -18.79,-0.06 -0.09,-0.12 -0.19,-0.22 -0.29,-0.34 -0.25,-0.32 -0.48,-0.64 -0.76,-0.93l-1.78 -1.54 -0 -0.02 -0.01 0c-0.14,-0.1 -0.3,-0.17 -0.46,-0.27 -0.39,-0.25 -0.81,-0.48 -1.23,-0.67 -0.22,-0.1 -0.44,-0.19 -0.67,-0.27 -0.42,-0.15 -0.84,-0.28 -1.28,-0.4 -0.21,-0.05 -0.42,-0.1 -0.63,-0.14 -0.66,-0.12 -1.32,-0.21 -2.03,-0.21 -6.15,0 -11.14,4.99 -11.14,11.14 0,6.16 4.99,11.14 11.14,11.14z"/>
   <path class="fil1" d="M34.16 0.75c0.23,0.09 0.45,0.17 0.67,0.27 -0.22,-0.1 -0.44,-0.19 -0.67,-0.27z"/>
   <path class="fil1" d="M36.06 1.69c0.15,0.09 0.31,0.17 0.46,0.27 -0.14,-0.1 -0.3,-0.18 -0.46,-0.27z"/>
   <path class="fil1" d="M32.24 0.21c0.21,0.04 0.42,0.09 0.63,0.14 -0.22,-0.05 -0.42,-0.1 -0.63,-0.14z"/>
   <path class="fil1" d="M32.88 21.93c-0.21,0.05 -0.42,0.1 -0.63,0.14 0.21,-0.04 0.42,-0.09 0.63,-0.14z"/>
   <path class="fil1" d="M36.52 20.32c-0.14,0.1 -0.3,0.18 -0.46,0.27 0.15,-0.09 0.31,-0.17 0.46,-0.27z"/>
   <path class="fil1" d="M38.29 18.8l-1.76 1.51c0.65,-0.44 1.22,-0.95 1.76,-1.51z"/>
   <path class="fil1" d="M34.83 21.27c-0.22,0.1 -0.44,0.18 -0.67,0.27 0.23,-0.09 0.45,-0.17 0.67,-0.27z"/>
   <path class="fil1" d="M39.07 4.44c-0.72,-0.95 -1.56,-1.8 -2.54,-2.47l1.78 1.54c0.28,0.29 0.52,0.61 0.76,0.93z"/>
   <path class="fil1" d="M38.9 18.06c0.17,-0.2 0.35,-0.39 0.5,-0.61 -0.15,0.22 -0.33,0.41 -0.5,0.61z"/>
   <path class="fil1" d="M65.31 22.08c-0.22,-0.04 -0.42,-0.09 -0.63,-0.14 0.21,0.05 0.42,0.1 0.63,0.14z"/>
   <path class="fil1" d="M59.26 3.48l1.75 -1.51c-0.63,0.44 -1.21,0.95 -1.75,1.51z"/>
   <path class="fil1" d="M58.65 4.22c-0.17,0.21 -0.35,0.4 -0.5,0.61 0,0 0,0 0,-0 0.15,-0.22 0.33,-0.4 0.5,-0.61z"/>
   <path class="fil1" d="M63.4 21.54c-0.23,-0.09 -0.46,-0.17 -0.67,-0.27 0.22,0.1 0.44,0.18 0.67,0.27z"/>
   <path class="fil1" d="M62.72 1.02c0.22,-0.1 0.44,-0.19 0.67,-0.27 -0.23,0.09 -0.46,0.17 -0.67,0.27z"/>
   <path class="fil1" d="M64.67 0.35c0.21,-0.05 0.42,-0.1 0.63,-0.14 -0.22,0.04 -0.42,0.09 -0.63,0.14z"/>
   <path class="fil1" d="M58.48 17.85c0.72,0.95 1.56,1.8 2.53,2.47l-1.77 -1.54c-0.27,-0.29 -0.52,-0.61 -0.76,-0.93z"/>
   <path class="fil1" d="M61.03 1.96c0.14,-0.1 0.31,-0.18 0.46,-0.27 -0.15,0.09 -0.31,0.17 -0.46,0.27z"/>
   <path class="fil1" d="M61.48 20.59c-0.15,-0.09 -0.31,-0.17 -0.46,-0.27 0.14,0.1 0.31,0.18 0.46,0.27z"/>
   <path class="fil1" d="M30.22 22.29c0.71,0 1.37,-0.08 2.03,-0.21 0.21,-0.04 0.42,-0.09 0.63,-0.14 0.44,-0.11 0.86,-0.24 1.28,-0.4 0.23,-0.09 0.45,-0.17 0.67,-0.27 0.43,-0.2 0.84,-0.43 1.23,-0.67 0.15,-0.09 0.31,-0.17 0.46,-0.27l0.01 0 0 -0.01 1.76 -1.51 0 -0c0.22,-0.23 0.41,-0.49 0.61,-0.74 0.17,-0.2 0.35,-0.39 0.5,-0.61 4.99,-5.29 13.83,-5.26 18.79,0.06 0.09,0.12 0.2,0.22 0.29,0.34 0.24,0.31 0.49,0.64 0.76,0.93l1.77 1.54 0.01 0.01 0 0c0.14,0.1 0.31,0.18 0.46,0.27 0.4,0.25 0.81,0.48 1.24,0.67 0.22,0.1 0.44,0.18 0.67,0.27 0.41,0.15 0.84,0.29 1.27,0.4 0.21,0.05 0.42,0.1 0.63,0.14 0.65,0.13 1.33,0.21 2.02,0.21 6.16,0 11.15,-4.99 11.15,-11.14 0,-6.16 -4.99,-11.14 -11.15,-11.14 -0.69,0 -1.36,0.08 -2.02,0.21 -0.22,0.04 -0.42,0.09 -0.63,0.14 -0.44,0.11 -0.86,0.25 -1.27,0.4 -0.23,0.09 -0.46,0.17 -0.67,0.27 -0.43,0.2 -0.84,0.42 -1.24,0.67 -0.15,0.09 -0.31,0.17 -0.46,0.27l-0 0 -0.01 0.01 -1.75 1.51 0 0.01c-0.22,0.23 -0.41,0.49 -0.61,0.74 -0.17,0.21 -0.35,0.39 -0.5,0.61 0,0 0,0 0,0 -4.99,5.28 -13.84,5.26 -18.79,-0.06 -0.09,-0.13 -0.19,-0.22 -0.29,-0.34 -0.25,-0.32 -0.48,-0.64 -0.76,-0.93l-1.78 -1.54 -0 -0.01 -0.01 0c-0.14,-0.1 -0.3,-0.18 -0.46,-0.27 -0.39,-0.25 -0.81,-0.47 -1.23,-0.67 -0.22,-0.1 -0.44,-0.19 -0.67,-0.27 -0.42,-0.15 -0.84,-0.29 -1.28,-0.4 -0.21,-0.05 -0.42,-0.1 -0.63,-0.14 -0.66,-0.12 -1.32,-0.21 -2.03,-0.21 -6.15,0 -11.14,4.99 -11.14,11.14 0,6.16 4.99,11.14 11.14,11.14z"/>
   <polygon class="fil0" points="122.06,20.36 114.65,20.36 114.65,17.68 132.68,17.68 132.68,20.36 125.24,20.36 125.24,42.04 122.06,42.04 "/>
   <polygon class="fil0" points="147.97,30.62 138.54,30.62 138.54,39.4 149.09,39.4 149.09,42.04 135.36,42.04 135.36,17.68 148.55,17.68 148.55,20.32 138.54,20.32 138.54,28.02 147.97,28.02 "/>
   <path class="fil0" d="M170.16 41.28c-1.12,0.58 -3.47,1.16 -6.43,1.16 -6.87,0 -12,-4.34 -12,-12.36 0,-7.66 5.17,-12.79 12.72,-12.79 3,0 4.95,0.65 5.78,1.08l-0.8 2.57c-1.16,-0.58 -2.86,-1.01 -4.88,-1.01 -5.71,0 -9.5,3.65 -9.5,10.05 0,6 3.43,9.79 9.32,9.79 1.95,0 3.9,-0.4 5.17,-1.01l0.62 2.53z"/>
   <polygon class="fil0" points="177.28,17.68 177.28,27.87 189.06,27.87 189.06,17.68 192.24,17.68 192.24,42.04 189.06,42.04 189.06,30.62 177.28,30.62 177.28,42.04 174.1,42.04 174.1,17.68 "/>
   <path class="fil0" d="M197.7 42.04l0 -24.36 3.47 0 7.77 12.32c1.77,2.85 3.22,5.42 4.34,7.92l0.11 -0.04c-0.29,-3.25 -0.36,-6.22 -0.36,-10.01l0 -10.19 2.96 0 0 24.36 -3.18 0 -7.73 -12.36c-1.7,-2.71 -3.33,-5.49 -4.52,-8.13l-0.11 0.04c0.18,3.07 0.22,6 0.22,10.05l0 10.41 -2.97 0z"/>
   <path class="fil0" d="M223.37 29.97c0,5.24 2.82,9.9 7.81,9.9 4.99,0 7.81,-4.59 7.81,-10.12 0,-4.88 -2.53,-9.94 -7.77,-9.94 -5.24,0 -7.84,4.84 -7.84,10.16zm18.94 -0.36c0,8.35 -5.1,12.83 -11.31,12.83 -6.47,0 -10.95,-5.02 -10.95,-12.4 0,-7.73 4.77,-12.79 11.27,-12.79 6.69,0 10.99,5.1 10.99,12.36z"/>
  </g>
 </g>
</svg>
